binh_gom_90 25.008385630892082 0.8645498582777129 1
binh_gom_103 24.143646599026553 0.8872176850583358 1
bat_gom_10 25.272234698882688 0.8604421916311891 1
binh_gom_bt_1 19.03805783757411 0.803291785288869 1
binh_gom_bt_36 19.53703070203081 0.8452137515680217 1
binh_gom_bt_28 18.89269360044816 0.7444341673848325 1
binh_gom_bt_8 20.515419236115047 0.8619400926721983 1
binh_gom_28 20.577316833045902 0.8459395755388159 1
binh_gom_111 23.03724861644834 0.8142905495767592 1
binh_gom_115 23.670452419608118 0.8651076785527597 1
binh_gom_bt_39 18.470782106143442 0.8095381150689035 1
binh_gom_35 17.878521973778458 0.7229510824544723 1
binh_gom_bt_18 20.953161340920296 0.8363028915280544 1
bat_gom_6 27.037508046685986 0.8997793944000694 1
binh_gom_3 17.96534084766088 0.7242795740710634 1
