binh_gom_90 25.008386 0.864550 0.117743 1
binh_gom_103 24.143647 0.887218 0.123003 1
bat_gom_10 25.272235 0.860442 0.116016 1
binh_gom_bt_1 19.038058 0.803292 0.172674 1
binh_gom_bt_36 19.537031 0.845214 0.165313 1
binh_gom_bt_28 18.892694 0.744434 0.177639 1
binh_gom_bt_8 20.515419 0.861940 0.155141 1
binh_gom_28 20.577317 0.845940 0.155536 1
binh_gom_111 23.037249 0.814291 0.136204 1
binh_gom_115 23.670452 0.865108 0.128054 1
binh_gom_bt_39 18.470782 0.809538 0.177955 1
binh_gom_35 17.878522 0.722951 0.189231 1
binh_gom_bt_18 20.953161 0.836303 0.152714 1
bat_gom_6 27.037508 0.899779 0.100956 1
binh_gom_3 17.965341 0.724280 0.188248 1
