binh_gom_94 20.506333076947925 0.7816542081128293 1
binh_gom_88 22.0520111862739 0.8812457353358012 1
binh_gom_bt_27 18.6616326705428 0.814906234497823 1
bat_gom_12 22.282323569950155 0.8359657455465405 1
binh_gom_bt_37 21.339600636539448 0.847517509798256 1
binh_gom_54 23.836889640059294 0.9124896532019737 1
binh_gom_40 23.95096013092525 0.847647266966159 1
binh_gom_bt_52 21.410439142345112 0.8024159105033298 1
dia_1 17.77615955739777 0.8035795957462586 1
binh_gom_43 22.931681154307224 0.7992949107952866 1
binh_gom_bt_64 19.70568092173183 0.7365826855651335 1
binh_gom_bt_68 19.9116786765169 0.7848530941073352 1
binh_gom_bt_40 26.265358747092254 0.9231946003376476 1
binh_gom_bt_30 25.051159437864378 0.8929276905686897 1
binh_gom_10 18.96702579279429 0.8310906796254924 1
binh_gom_104 22.979793320666648 0.8303048711466545 1
binh_gom_35 21.164091657498854 0.8268607187033585 1
binh_gom_bt_18 22.778277682623504 0.8400810972866358 1
binh_gom_89 21.484541838731527 0.8406411628070514 1
bat_gom_1 25.409893863896883 0.8868547795138461 1
binh_gom_26 20.656356087418597 0.8143509946879399 1
binh_gom_bt_63 25.420625681676853 0.915117265490162 1
total 22.024659748809153 0.8386171095611001
